[
  {
    "targetId": 1,
    "comparatorId": 2,
    "outcomeIds": [10, 11, 12, 13, 14, 15, 16, 17, 18, 35606949, 35607026, 35506612, 35506621, 37320318, 37119529, 37119539, 37320079, 37320098, 37420593, 37420358, 37420426, 2213473, 2109919, 2212542, 2212884, 2212945, 2212830, 2213440, 28060, 134438, 36315380, 37520888, 37521024, 36315910, 36315934, 37522022, 36416637, 36416695, 36617553, 36110587, 36919212, 36918850, 36918858, 36718555, 37019460, 36313741, 36110386, 37119607, 35406331, 35406349, 35406361, 35406391, 35406402, 36211101, 36110951, 35607337, 35607461, 36314156, 36110933, 36516895, 36516905, 36516909, 36617158, 36617163, 36617187, 2313636],
    "exclusionConceptIds": [1310149, 1310149, 3002252, 3024105, 3026207, 3026605, 3027882, 3039790, 3040344, 4325514, 40093130, 40093130, 40093131, 40093131, 40093132, 40093132, 40093133, 40093133, 40093134, 40093134, 40121983, 40121983, 40121984, 40121984, 40163507, 40163507, 40163508, 40163508, 40163509, 40163509, 40163510, 40163510, 40163511, 40163511, 40163512, 40163512, 40163513, 40163513, 40163514, 40163514, 40163515, 40163515, 40163516, 40163516, 40163517, 40163517, 40163518, 40163518, 40163519, 40163519, 40163520, 40163520, 40163521, 40163521, 40163522, 40163522, 40163523, 40163523, 40163524, 40163524, 40163525, 40163525, 40163526, 40163526, 40163527, 40163527, 40163528, 40163528, 40163529, 40163529, 40163530, 40163530, 40163531, 40163531, 40163532, 40163532, 40163533, 40163533, 40163534, 40163534, 40163535, 40163535, 40163536, 40163536, 40163537, 40163537, 40163538, 40163538, 40163539, 40163539, 40163540, 40163540, 40163541, 40163541, 40163542, 40163542, 40163543, 40163543, 40163544, 40163544, 40163545, 40163545, 40163546, 40163546, 40163547, 40163547, 40163548, 40163548, 40163549, 40163549, 40163550, 40163550, 40163551, 40163551, 40163552, 40163552, 40163553, 40163553, 40163554, 40163554, 40163555, 40163555, 40163556, 40163556, 40163557, 40163557, 40163558, 40163558, 40163559, 40163559, 40163560, 40163560, 40163561, 40163561, 40163562, 40163562, 40163563, 40163563, 40163564, 40163564, 40163565, 40163565, 40163566, 40163566, 40163567, 40163567, 40163568, 40163568, 40163569, 40163569, 40163570, 40163570, 40188084, 40228152, 40228153, 40228154, 40228158, 40228159, 40228160, 40228161, 40228162, 40228163, 40228164, 40228165, 40241331, 40241332, 40241333, 40241334, 40241335, 40241336, 40241337, 40244443, 40244444, 40244445, 40244446, 40244447, 40244448, 40244449, 40244450, 40763039, 40763040, 40763393, 40772658, 40778780, 40781022, 40782440, 40793106, 40797207, 43013024, 43013025, 43013026, 43013027, 43013028, 43013029, 43013030, 43013031, 43013032, 43013033, 43013034, 43055442, 43055458, 43055935, 43055976, 44786764, 44786870, 44786873, 44787432],
    "excludedCovariateConceptIds": [1310149, 1310149, 3002252, 3024105, 3026207, 3026605, 3027882, 3039790, 3040344, 4325514, 40093130, 40093130, 40093131, 40093131, 40093132, 40093132, 40093133, 40093133, 40093134, 40093134, 40121983, 40121983, 40121984, 40121984, 40163507, 40163507, 40163508, 40163508, 40163509, 40163509, 40163510, 40163510, 40163511, 40163511, 40163512, 40163512, 40163513, 40163513, 40163514, 40163514, 40163515, 40163515, 40163516, 40163516, 40163517, 40163517, 40163518, 40163518, 40163519, 40163519, 40163520, 40163520, 40163521, 40163521, 40163522, 40163522, 40163523, 40163523, 40163524, 40163524, 40163525, 40163525, 40163526, 40163526, 40163527, 40163527, 40163528, 40163528, 40163529, 40163529, 40163530, 40163530, 40163531, 40163531, 40163532, 40163532, 40163533, 40163533, 40163534, 40163534, 40163535, 40163535, 40163536, 40163536, 40163537, 40163537, 40163538, 40163538, 40163539, 40163539, 40163540, 40163540, 40163541, 40163541, 40163542, 40163542, 40163543, 40163543, 40163544, 40163544, 40163545, 40163545, 40163546, 40163546, 40163547, 40163547, 40163548, 40163548, 40163549, 40163549, 40163550, 40163550, 40163551, 40163551, 40163552, 40163552, 40163553, 40163553, 40163554, 40163554, 40163555, 40163555, 40163556, 40163556, 40163557, 40163557, 40163558, 40163558, 40163559, 40163559, 40163560, 40163560, 40163561, 40163561, 40163562, 40163562, 40163563, 40163563, 40163564, 40163564, 40163565, 40163565, 40163566, 40163566, 40163567, 40163567, 40163568, 40163568, 40163569, 40163569, 40163570, 40163570, 40188084, 40228152, 40228153, 40228154, 40228158, 40228159, 40228160, 40228161, 40228162, 40228163, 40228164, 40228165, 40241331, 40241332, 40241333, 40241334, 40241335, 40241336, 40241337, 40244443, 40244444, 40244445, 40244446, 40244447, 40244448, 40244449, 40244450, 40763039, 40763040, 40763393, 40772658, 40778780, 40781022, 40782440, 40793106, 40797207, 43013024, 43013025, 43013026, 43013027, 43013028, 43013029, 43013030, 43013031, 43013032, 43013033, 43013034, 43055442, 43055458, 43055935, 43055976, 44786764, 44786870, 44786873, 44787432],
    "attr_class": "drugComparatorOutcomes"
  },
  {
    "targetId": 5,
    "comparatorId": 6,
    "outcomeIds": [10, 11, 12, 13, 14, 15, 16, 17, 18, 35606949, 35607026, 35506612, 35506621, 37320318, 37119529, 37119539, 37320079, 37320098, 37420593, 37420358, 37420426, 2213473, 2109919, 2212542, 2212884, 2212945, 2212830, 2213440, 28060, 134438, 36315380, 37520888, 37521024, 36315910, 36315934, 37522022, 36416637, 36416695, 36617553, 36110587, 36919212, 36918850, 36918858, 36718555, 37019460, 36313741, 36110386, 37119607, 35406331, 35406349, 35406361, 35406391, 35406402, 36211101, 36110951, 35607337, 35607461, 36314156, 36110933, 36516895, 36516905, 36516909, 36617158, 36617163, 36617187, 2313636],
    "exclusionConceptIds": [1310149, 1310149, 3002252, 3024105, 3026207, 3026605, 3027882, 3039790, 3040344, 4325514, 40093130, 40093130, 40093131, 40093131, 40093132, 40093132, 40093133, 40093133, 40093134, 40093134, 40121983, 40121983, 40121984, 40121984, 40163507, 40163507, 40163508, 40163508, 40163509, 40163509, 40163510, 40163510, 40163511, 40163511, 40163512, 40163512, 40163513, 40163513, 40163514, 40163514, 40163515, 40163515, 40163516, 40163516, 40163517, 40163517, 40163518, 40163518, 40163519, 40163519, 40163520, 40163520, 40163521, 40163521, 40163522, 40163522, 40163523, 40163523, 40163524, 40163524, 40163525, 40163525, 40163526, 40163526, 40163527, 40163527, 40163528, 40163528, 40163529, 40163529, 40163530, 40163530, 40163531, 40163531, 40163532, 40163532, 40163533, 40163533, 40163534, 40163534, 40163535, 40163535, 40163536, 40163536, 40163537, 40163537, 40163538, 40163538, 40163539, 40163539, 40163540, 40163540, 40163541, 40163541, 40163542, 40163542, 40163543, 40163543, 40163544, 40163544, 40163545, 40163545, 40163546, 40163546, 40163547, 40163547, 40163548, 40163548, 40163549, 40163549, 40163550, 40163550, 40163551, 40163551, 40163552, 40163552, 40163553, 40163553, 40163554, 40163554, 40163555, 40163555, 40163556, 40163556, 40163557, 40163557, 40163558, 40163558, 40163559, 40163559, 40163560, 40163560, 40163561, 40163561, 40163562, 40163562, 40163563, 40163563, 40163564, 40163564, 40163565, 40163565, 40163566, 40163566, 40163567, 40163567, 40163568, 40163568, 40163569, 40163569, 40163570, 40163570, 40188084, 40228152, 40228153, 40228154, 40228158, 40228159, 40228160, 40228161, 40228162, 40228163, 40228164, 40228165, 40241331, 40241332, 40241333, 40241334, 40241335, 40241336, 40241337, 40244443, 40244444, 40244445, 40244446, 40244447, 40244448, 40244449, 40244450, 40763039, 40763040, 40763393, 40772658, 40778780, 40781022, 40782440, 40793106, 40797207, 43013024, 43013025, 43013026, 43013027, 43013028, 43013029, 43013030, 43013031, 43013032, 43013033, 43013034, 43055442, 43055458, 43055935, 43055976, 44786764, 44786870, 44786873, 44787432],
    "excludedCovariateConceptIds": [1310149, 1310149, 3002252, 3024105, 3026207, 3026605, 3027882, 3039790, 3040344, 4325514, 40093130, 40093130, 40093131, 40093131, 40093132, 40093132, 40093133, 40093133, 40093134, 40093134, 40121983, 40121983, 40121984, 40121984, 40163507, 40163507, 40163508, 40163508, 40163509, 40163509, 40163510, 40163510, 40163511, 40163511, 40163512, 40163512, 40163513, 40163513, 40163514, 40163514, 40163515, 40163515, 40163516, 40163516, 40163517, 40163517, 40163518, 40163518, 40163519, 40163519, 40163520, 40163520, 40163521, 40163521, 40163522, 40163522, 40163523, 40163523, 40163524, 40163524, 40163525, 40163525, 40163526, 40163526, 40163527, 40163527, 40163528, 40163528, 40163529, 40163529, 40163530, 40163530, 40163531, 40163531, 40163532, 40163532, 40163533, 40163533, 40163534, 40163534, 40163535, 40163535, 40163536, 40163536, 40163537, 40163537, 40163538, 40163538, 40163539, 40163539, 40163540, 40163540, 40163541, 40163541, 40163542, 40163542, 40163543, 40163543, 40163544, 40163544, 40163545, 40163545, 40163546, 40163546, 40163547, 40163547, 40163548, 40163548, 40163549, 40163549, 40163550, 40163550, 40163551, 40163551, 40163552, 40163552, 40163553, 40163553, 40163554, 40163554, 40163555, 40163555, 40163556, 40163556, 40163557, 40163557, 40163558, 40163558, 40163559, 40163559, 40163560, 40163560, 40163561, 40163561, 40163562, 40163562, 40163563, 40163563, 40163564, 40163564, 40163565, 40163565, 40163566, 40163566, 40163567, 40163567, 40163568, 40163568, 40163569, 40163569, 40163570, 40163570, 40188084, 40228152, 40228153, 40228154, 40228158, 40228159, 40228160, 40228161, 40228162, 40228163, 40228164, 40228165, 40241331, 40241332, 40241333, 40241334, 40241335, 40241336, 40241337, 40244443, 40244444, 40244445, 40244446, 40244447, 40244448, 40244449, 40244450, 40763039, 40763040, 40763393, 40772658, 40778780, 40781022, 40782440, 40793106, 40797207, 43013024, 43013025, 43013026, 43013027, 43013028, 43013029, 43013030, 43013031, 43013032, 43013033, 43013034, 43055442, 43055458, 43055935, 43055976, 44786764, 44786870, 44786873, 44787432],
    "attr_class": "drugComparatorOutcomes"
  }
]
